g =

   0.50000
   0.50000
   0.50000
   0.50000
   0.50000
   0.50000
   0.50000
   0.50000
   0.50000
   0.50000
   0.50000
   0.50000
   0.50000
   0.50000
   0.50000
   0.50000
   0.50000
   0.50000
   0.50000
   0.50000
   0.50000
   0.50000
   0.50000
   0.50000
   0.50000
   0.50000
   0.50000
   0.50000
   0.50000
   0.50000
   0.50000
   0.50000
   0.50000
   0.50000
   0.50000
   0.50000
   0.50000
   0.50000
   0.50000
   0.50000
   0.50000
   0.50000
   0.50000
   0.50000
   0.50000
   0.50000
   0.50000
   0.50000
   0.50000
   0.50000
   0.50000
   0.50000
   0.50000
   0.50000
   0.50000
   0.50000
   0.50000
   0.50000
   0.50000
   0.50000
   0.50000
   0.50000
   0.50000
   0.50000
   0.50000
   0.50000
   0.50000
   0.50000
   0.50000
   0.50000
   0.50000
   0.50000
   0.50000
   0.50000
   0.50000
   0.50000
   0.50000
   0.50000
   0.50000
   0.50000
   0.50000
   0.50000
   0.50000
   0.50000
   0.50000
   0.50000
   0.50000
   0.50000
   0.50000
   0.50000
   0.50000
   0.50000
   0.50000
   0.50000
   0.50000
   0.50000
   0.50000
   0.50000
   0.50000
   0.50000
   0.50000
   0.50000
   0.50000
   0.50000
   0.50000
   0.50000
   0.50000
   0.50000
   0.50000
   0.50000
   0.50000
   0.50000
   0.50000
   0.50000
   0.50000
   0.50000
   0.50000
   0.50000

g =

   0.50000
   0.50000
   0.50000
   0.50000
   0.50000
   0.50000
   0.50000
   0.50000
   0.50000
   0.50000
   0.50000
   0.50000
   0.50000
   0.50000
   0.50000
   0.50000
   0.50000
   0.50000
   0.50000
   0.50000
   0.50000
   0.50000
   0.50000
   0.50000
   0.50000
   0.50000
   0.50000
   0.50000
   0.50000
   0.50000
   0.50000
   0.50000
   0.50000
   0.50000
   0.50000
   0.50000
   0.50000
   0.50000
   0.50000
   0.50000
   0.50000
   0.50000
   0.50000
   0.50000
   0.50000
   0.50000
   0.50000
   0.50000
   0.50000
   0.50000
   0.50000
   0.50000
   0.50000
   0.50000
   0.50000
   0.50000
   0.50000
   0.50000
   0.50000
   0.50000
   0.50000
   0.50000
   0.50000
   0.50000
   0.50000
   0.50000
   0.50000
   0.50000
   0.50000
   0.50000
   0.50000
   0.50000
   0.50000
   0.50000
   0.50000
   0.50000
   0.50000
   0.50000
   0.50000
   0.50000
   0.50000
   0.50000
   0.50000
   0.50000
   0.50000
   0.50000
   0.50000
   0.50000
   0.50000
   0.50000
   0.50000
   0.50000
   0.50000
   0.50000
   0.50000
   0.50000
   0.50000
   0.50000
   0.50000
   0.50000
   0.50000
   0.50000
   0.50000
   0.50000
   0.50000
   0.50000
   0.50000
   0.50000
   0.50000
   0.50000
   0.50000
   0.50000
   0.50000
   0.50000
   0.50000
   0.50000
   0.50000
   0.50000

g =

   0.48600
   0.48786
   0.48790
   0.49431
   0.49410
   0.49656
   0.49784
   0.49775
   0.49645
   0.49489
   0.49126
   0.48829
   0.48590
   0.48080
   0.48379
   0.48721
   0.49118
   0.47875
   0.48743
   0.48974
   0.48960
   0.49439
   0.49600
   0.49684
   0.49685
   0.49333
   0.48986
   0.48249
   0.49331
   0.48253
   0.46303
   0.48064
   0.48987
   0.49514
   0.49705
   0.49822
   0.49782
   0.49781
   0.49733
   0.49485
   0.49497
   0.49139
   0.48578
   0.49196
   0.48557
   0.48672
   0.47574
   0.49080
   0.48020
   0.48219
   0.49041
   0.49566
   0.49293
   0.49688
   0.49811
   0.49725
   0.49832
   0.49759
   0.46286
   0.47831
   0.48625
   0.47227
   0.46939
   0.47744
   0.47106
   0.45873
   0.47155
   0.45847
   0.46204
   0.47075
   0.46734
   0.47151
   0.47238
   0.47475
   0.48272
   0.48780
   0.49086
   0.49169
   0.48931
   0.49155
   0.49406
   0.49649
   0.49603
   0.49709
   0.49225
   0.49422
   0.49205
   0.48416
   0.48683
   0.46883
   0.46971
   0.48562
   0.48018
   0.46682
   0.45777
   0.43375
   0.43217
   0.47039
   0.45222
   0.45846
   0.47154
   0.44043
   0.49505
   0.49431
   0.49707
   0.49613
   0.49708
   0.49816
   0.49563
   0.49425
   0.49401
   0.49339
   0.48950
   0.48908
   0.49256
   0.45642
   0.45562
   0.48621

g =

   0.48600
   0.48786
   0.48790
   0.49431
   0.49410
   0.49656
   0.49784
   0.49775
   0.49645
   0.49489
   0.49126
   0.48829
   0.48590
   0.48080
   0.48379
   0.48721
   0.49118
   0.47875
   0.48743
   0.48974
   0.48960
   0.49439
   0.49600
   0.49684
   0.49685
   0.49333
   0.48986
   0.48249
   0.49331
   0.48253
   0.46303
   0.48064
   0.48987
   0.49514
   0.49705
   0.49822
   0.49782
   0.49781
   0.49733
   0.49485
   0.49497
   0.49139
   0.48578
   0.49196
   0.48557
   0.48672
   0.47574
   0.49080
   0.48020
   0.48219
   0.49041
   0.49566
   0.49293
   0.49688
   0.49811
   0.49725
   0.49832
   0.49759
   0.46286
   0.47831
   0.48625
   0.47227
   0.46939
   0.47744
   0.47106
   0.45873
   0.47155
   0.45847
   0.46204
   0.47075
   0.46734
   0.47151
   0.47238
   0.47475
   0.48272
   0.48780
   0.49086
   0.49169
   0.48931
   0.49155
   0.49406
   0.49649
   0.49603
   0.49709
   0.49225
   0.49422
   0.49205
   0.48416
   0.48683
   0.46883
   0.46971
   0.48562
   0.48018
   0.46682
   0.45777
   0.43375
   0.43217
   0.47039
   0.45222
   0.45846
   0.47154
   0.44043
   0.49505
   0.49431
   0.49707
   0.49613
   0.49708
   0.49816
   0.49563
   0.49425
   0.49401
   0.49339
   0.48950
   0.48908
   0.49256
   0.45642
   0.45562
   0.48621

g =

   0.47402
   0.47834
   0.47828
   0.49253
   0.49127
   0.49626
   0.49946
   0.49902
   0.49599
   0.49198
   0.48289
   0.47555
   0.47009
   0.45743
   0.46730
   0.47639
   0.48594
   0.45698
   0.47725
   0.48158
   0.48036
   0.49076
   0.49389
   0.49615
   0.49680
   0.48790
   0.47946
   0.46096
   0.49090
   0.46550
   0.41960
   0.46132
   0.48294
   0.49474
   0.49852
   0.50072
   0.49934
   0.49973
   0.49876
   0.49217
   0.49286
   0.48402
   0.47000
   0.48590
   0.47028
   0.47357
   0.44700
   0.48493
   0.45962
   0.46470
   0.48421
   0.49622
   0.49008
   0.49871
   0.50111
   0.49840
   0.50108
   0.49887
   0.41947
   0.45580
   0.47424
   0.44076
   0.43341
   0.45223
   0.43575
   0.40471
   0.43577
   0.40294
   0.41144
   0.43263
   0.42392
   0.43389
   0.43577
   0.44158
   0.46103
   0.47415
   0.48220
   0.48392
   0.47735
   0.48286
   0.48973
   0.49573
   0.49386
   0.49693
   0.48282
   0.48885
   0.48383
   0.46692
   0.47521
   0.43292
   0.43445
   0.47161
   0.46033
   0.42883
   0.40754
   0.35242
   0.34880
   0.43677
   0.39337
   0.40609
   0.43793
   0.35987
   0.49196
   0.48953
   0.49734
   0.49402
   0.49688
   0.50040
   0.49267
   0.48854
   0.48787
   0.48622
   0.47687
   0.47793
   0.48717
   0.40343
   0.40257
   0.47135

g =

   0.47402
   0.47834
   0.47828
   0.49253
   0.49127
   0.49626
   0.49946
   0.49902
   0.49599
   0.49198
   0.48289
   0.47555
   0.47009
   0.45743
   0.46730
   0.47639
   0.48594
   0.45698
   0.47725
   0.48158
   0.48036
   0.49076
   0.49389
   0.49615
   0.49680
   0.48790
   0.47946
   0.46096
   0.49090
   0.46550
   0.41960
   0.46132
   0.48294
   0.49474
   0.49852
   0.50072
   0.49934
   0.49973
   0.49876
   0.49217
   0.49286
   0.48402
   0.47000
   0.48590
   0.47028
   0.47357
   0.44700
   0.48493
   0.45962
   0.46470
   0.48421
   0.49622
   0.49008
   0.49871
   0.50111
   0.49840
   0.50108
   0.49887
   0.41947
   0.45580
   0.47424
   0.44076
   0.43341
   0.45223
   0.43575
   0.40471
   0.43577
   0.40294
   0.41144
   0.43263
   0.42392
   0.43389
   0.43577
   0.44158
   0.46103
   0.47415
   0.48220
   0.48392
   0.47735
   0.48286
   0.48973
   0.49573
   0.49386
   0.49693
   0.48282
   0.48885
   0.48383
   0.46692
   0.47521
   0.43292
   0.43445
   0.47161
   0.46033
   0.42883
   0.40754
   0.35242
   0.34880
   0.43677
   0.39337
   0.40609
   0.43793
   0.35987
   0.49196
   0.48953
   0.49734
   0.49402
   0.49688
   0.50040
   0.49267
   0.48854
   0.48787
   0.48622
   0.47687
   0.47793
   0.48717
   0.40343
   0.40257
   0.47135

g =

   0.47303
   0.48029
   0.47989
   0.50189
   0.49800
   0.50423
   0.50977
   0.50817
   0.50303
   0.49547
   0.47899
   0.46583
   0.45708
   0.43414
   0.45759
   0.47561
   0.49229
   0.44437
   0.47831
   0.48321
   0.47908
   0.49422
   0.49749
   0.50162
   0.50403
   0.48769
   0.47292
   0.43905
   0.50074
   0.45810
   0.38084
   0.45157
   0.48773
   0.50608
   0.51066
   0.51270
   0.50904
   0.51074
   0.50950
   0.49653
   0.49880
   0.48294
   0.45741
   0.48749
   0.45977
   0.46672
   0.41988
   0.49031
   0.44645
   0.45613
   0.48963
   0.50898
   0.49950
   0.51232
   0.51501
   0.50897
   0.51351
   0.50836
   0.38057
   0.44174
   0.47225
   0.41396
   0.40000
   0.43162
   0.40026
   0.34367
   0.39778
   0.33843
   0.35272
   0.38969
   0.37357
   0.39067
   0.39341
   0.40372
   0.43816
   0.46291
   0.47850
   0.48077
   0.46753
   0.47720
   0.49104
   0.50172
   0.49674
   0.50335
   0.47338
   0.48716
   0.47923
   0.45502
   0.47355
   0.40256
   0.40396
   0.46579
   0.44986
   0.39665
   0.36115
   0.27330
   0.26691
   0.40838
   0.33358
   0.35017
   0.40640
   0.26736
   0.49449
   0.48873
   0.50501
   0.49692
   0.50337
   0.51159
   0.49456
   0.48537
   0.48378
   0.48102
   0.46536
   0.47215
   0.49006
   0.35263
   0.35294
   0.46049

g =

   0.47303
   0.48029
   0.47989
   0.50189
   0.49800
   0.50423
   0.50977
   0.50817
   0.50303
   0.49547
   0.47899
   0.46583
   0.45708
   0.43414
   0.45759
   0.47561
   0.49229
   0.44437
   0.47831
   0.48321
   0.47908
   0.49422
   0.49749
   0.50162
   0.50403
   0.48769
   0.47292
   0.43905
   0.50074
   0.45810
   0.38084
   0.45157
   0.48773
   0.50608
   0.51066
   0.51270
   0.50904
   0.51074
   0.50950
   0.49653
   0.49880
   0.48294
   0.45741
   0.48749
   0.45977
   0.46672
   0.41988
   0.49031
   0.44645
   0.45613
   0.48963
   0.50898
   0.49950
   0.51232
   0.51501
   0.50897
   0.51351
   0.50836
   0.38057
   0.44174
   0.47225
   0.41396
   0.40000
   0.43162
   0.40026
   0.34367
   0.39778
   0.33843
   0.35272
   0.38969
   0.37357
   0.39067
   0.39341
   0.40372
   0.43816
   0.46291
   0.47850
   0.48077
   0.46753
   0.47720
   0.49104
   0.50172
   0.49674
   0.50335
   0.47338
   0.48716
   0.47923
   0.45502
   0.47355
   0.40256
   0.40396
   0.46579
   0.44986
   0.39665
   0.36115
   0.27330
   0.26691
   0.40838
   0.33358
   0.35017
   0.40640
   0.26736
   0.49449
   0.48873
   0.50501
   0.49692
   0.50337
   0.51159
   0.49456
   0.48537
   0.48378
   0.48102
   0.46536
   0.47215
   0.49006
   0.35263
   0.35294
   0.46049

g =

   0.49734
   0.50749
   0.50615
   0.53338
   0.52413
   0.52847
   0.53661
   0.53235
   0.52507
   0.51275
   0.48759
   0.46788
   0.45726
   0.42180
   0.46837
   0.49885
   0.52353
   0.45590
   0.50426
   0.50610
   0.49589
   0.51274
   0.51309
   0.51928
   0.52553
   0.49984
   0.47869
   0.42584
   0.53520
   0.47419
   0.36185
   0.46595
   0.51742
   0.54038
   0.54311
   0.54246
   0.53431
   0.53909
   0.53841
   0.51625
   0.52221
   0.49842
   0.45887
   0.50783
   0.46622
   0.47878
   0.40790
   0.52027
   0.45533
   0.47121
   0.52017
   0.54567
   0.53380
   0.54839
   0.54933
   0.53761
   0.54407
   0.53360
   0.36193
   0.45127
   0.49447
   0.40690
   0.38402
   0.42989
   0.37841
   0.29048
   0.37058
   0.27955
   0.29950
   0.35388
   0.32832
   0.35269
   0.35539
   0.37077
   0.42174
   0.46236
   0.48882
   0.49006
   0.46618
   0.48027
   0.50507
   0.52110
   0.50999
   0.52266
   0.46702
   0.49454
   0.48444
   0.45827
   0.49450
   0.39208
   0.39169
   0.47978
   0.46379
   0.38589
   0.33432
   0.21450
   0.20525
   0.40059
   0.28901
   0.30590
   0.39137
   0.18483
   0.50890
   0.49687
   0.52708
   0.51023
   0.52303
   0.53965
   0.50697
   0.48905
   0.48548
   0.48210
   0.46015
   0.48012
   0.51066
   0.31848
   0.32267
   0.46496

g =

   0.49734
   0.50749
   0.50615
   0.53338
   0.52413
   0.52847
   0.53661
   0.53235
   0.52507
   0.51275
   0.48759
   0.46788
   0.45726
   0.42180
   0.46837
   0.49885
   0.52353
   0.45590
   0.50426
   0.50610
   0.49589
   0.51274
   0.51309
   0.51928
   0.52553
   0.49984
   0.47869
   0.42584
   0.53520
   0.47419
   0.36185
   0.46595
   0.51742
   0.54038
   0.54311
   0.54246
   0.53431
   0.53909
   0.53841
   0.51625
   0.52221
   0.49842
   0.45887
   0.50783
   0.46622
   0.47878
   0.40790
   0.52027
   0.45533
   0.47121
   0.52017
   0.54567
   0.53380
   0.54839
   0.54933
   0.53761
   0.54407
   0.53360
   0.36193
   0.45127
   0.49447
   0.40690
   0.38402
   0.42989
   0.37841
   0.29048
   0.37058
   0.27955
   0.29950
   0.35388
   0.32832
   0.35269
   0.35539
   0.37077
   0.42174
   0.46236
   0.48882
   0.49006
   0.46618
   0.48027
   0.50507
   0.52110
   0.50999
   0.52266
   0.46702
   0.49454
   0.48444
   0.45827
   0.49450
   0.39208
   0.39169
   0.47978
   0.46379
   0.38589
   0.33432
   0.21450
   0.20525
   0.40059
   0.28901
   0.30590
   0.39137
   0.18483
   0.50890
   0.49687
   0.52708
   0.51023
   0.52303
   0.53965
   0.50697
   0.48905
   0.48548
   0.48210
   0.46015
   0.48012
   0.51066
   0.31848
   0.32267
   0.46496

g =

   0.55836
   0.57052
   0.56677
   0.59660
   0.57839
   0.57821
   0.59005
   0.58171
   0.57328
   0.55490
   0.52084
   0.49501
   0.48656
   0.43663
   0.51563
   0.56012
   0.59267
   0.50053
   0.56502
   0.55826
   0.53762
   0.55426
   0.54897
   0.55809
   0.57170
   0.53506
   0.50966
   0.43480
   0.60518
   0.52169
   0.36359
   0.51300
   0.58229
   0.60787
   0.60607
   0.60067
   0.58565
   0.59640
   0.59790
   0.56375
   0.57683
   0.54583
   0.49086
   0.56273
   0.50679
   0.52666
   0.42704
   0.58832
   0.50002
   0.52294
   0.58852
   0.61829
   0.60415
   0.61782
   0.61525
   0.59417
   0.60383
   0.58546
   0.36810
   0.49545
   0.55455
   0.43115
   0.39713
   0.46185
   0.38498
   0.25875
   0.37004
   0.24089
   0.26661
   0.34072
   0.30299
   0.33429
   0.33495
   0.35571
   0.42219
   0.48496
   0.52707
   0.52359
   0.48211
   0.50002
   0.54242
   0.56383
   0.54181
   0.56414
   0.46840
   0.51789
   0.50538
   0.48063
   0.54603
   0.40367
   0.39868
   0.51983
   0.51269
   0.40183
   0.32723
   0.16981
   0.15959
   0.42302
   0.26432
   0.28391
   0.40629
   0.12709
   0.54461
   0.52142
   0.57389
   0.54208
   0.56504
   0.59520
   0.53779
   0.50602
   0.49890
   0.49541
   0.46531
   0.50720
   0.55672
   0.29743
   0.31183
   0.50163

g =

   0.55836
   0.57052
   0.56677
   0.59660
   0.57839
   0.57821
   0.59005
   0.58171
   0.57328
   0.55490
   0.52084
   0.49501
   0.48656
   0.43663
   0.51563
   0.56012
   0.59267
   0.50053
   0.56502
   0.55826
   0.53762
   0.55426
   0.54897
   0.55809
   0.57170
   0.53506
   0.50966
   0.43480
   0.60518
   0.52169
   0.36359
   0.51300
   0.58229
   0.60787
   0.60607
   0.60067
   0.58565
   0.59640
   0.59790
   0.56375
   0.57683
   0.54583
   0.49086
   0.56273
   0.50679
   0.52666
   0.42704
   0.58832
   0.50002
   0.52294
   0.58852
   0.61829
   0.60415
   0.61782
   0.61525
   0.59417
   0.60383
   0.58546
   0.36810
   0.49545
   0.55455
   0.43115
   0.39713
   0.46185
   0.38498
   0.25875
   0.37004
   0.24089
   0.26661
   0.34072
   0.30299
   0.33429
   0.33495
   0.35571
   0.42219
   0.48496
   0.52707
   0.52359
   0.48211
   0.50002
   0.54242
   0.56383
   0.54181
   0.56414
   0.46840
   0.51789
   0.50538
   0.48063
   0.54603
   0.40367
   0.39868
   0.51983
   0.51269
   0.40183
   0.32723
   0.16981
   0.15959
   0.42302
   0.26432
   0.28391
   0.40629
   0.12709
   0.54461
   0.52142
   0.57389
   0.54208
   0.56504
   0.59520
   0.53779
   0.50602
   0.49890
   0.49541
   0.46531
   0.50720
   0.55672
   0.29743
   0.31183
   0.50163

g =

   0.599491
   0.614750
   0.606891
   0.644249
   0.612956
   0.609875
   0.629553
   0.617076
   0.608252
   0.580978
   0.532878
   0.497187
   0.491027
   0.418647
   0.540522
   0.604484
   0.649171
   0.513049
   0.605281
   0.586088
   0.549551
   0.571057
   0.561288
   0.577607
   0.603548
   0.550517
   0.517937
   0.409105
   0.662290
   0.538929
   0.308937
   0.529366
   0.629888
   0.662419
   0.656397
   0.647437
   0.624226
   0.643699
   0.648253
   0.597539
   0.620398
   0.578144
   0.498938
   0.604983
   0.525758
   0.555677
   0.409739
   0.643566
   0.517248
   0.550440
   0.643198
   0.681555
   0.661725
   0.677000
   0.671713
   0.636223
   0.653317
   0.625228
   0.321841
   0.508916
   0.596364
   0.415118
   0.365860
   0.461118
   0.348972
   0.183653
   0.327266
   0.162580
   0.191549
   0.284482
   0.234140
   0.272477
   0.270631
   0.297446
   0.384052
   0.480227
   0.546393
   0.536146
   0.467455
   0.491523
   0.561219
   0.590613
   0.551172
   0.587753
   0.428644
   0.509713
   0.489943
   0.459469
   0.571237
   0.362186
   0.350436
   0.526476
   0.533250
   0.368631
   0.262931
   0.089077
   0.081683
   0.402511
   0.188903
   0.213544
   0.379440
   0.057515
   0.560958
   0.520330
   0.606548
   0.550763
   0.588461
   0.638835
   0.542765
   0.490195
   0.478963
   0.472609
   0.424950
   0.496899
   0.577789
   0.216913
   0.244147
   0.516225

g =

   0.599491
   0.614750
   0.606891
   0.644249
   0.612956
   0.609875
   0.629553
   0.617076
   0.608252
   0.580978
   0.532878
   0.497187
   0.491027
   0.418647
   0.540522
   0.604484
   0.649171
   0.513049
   0.605281
   0.586088
   0.549551
   0.571057
   0.561288
   0.577607
   0.603548
   0.550517
   0.517937
   0.409105
   0.662290
   0.538929
   0.308937
   0.529366
   0.629888
   0.662419
   0.656397
   0.647437
   0.624226
   0.643699
   0.648253
   0.597539
   0.620398
   0.578144
   0.498938
   0.604983
   0.525758
   0.555677
   0.409739
   0.643566
   0.517248
   0.550440
   0.643198
   0.681555
   0.661725
   0.677000
   0.671713
   0.636223
   0.653317
   0.625228
   0.321841
   0.508916
   0.596364
   0.415118
   0.365860
   0.461118
   0.348972
   0.183653
   0.327266
   0.162580
   0.191549
   0.284482
   0.234140
   0.272477
   0.270631
   0.297446
   0.384052
   0.480227
   0.546393
   0.536146
   0.467455
   0.491523
   0.561219
   0.590613
   0.551172
   0.587753
   0.428644
   0.509713
   0.489943
   0.459469
   0.571237
   0.362186
   0.350436
   0.526476
   0.533250
   0.368631
   0.262931
   0.089077
   0.081683
   0.402511
   0.188903
   0.213544
   0.379440
   0.057515
   0.560958
   0.520330
   0.606548
   0.550763
   0.588461
   0.638835
   0.542765
   0.490195
   0.478963
   0.472609
   0.424950
   0.496899
   0.577789
   0.216913
   0.244147
   0.516225

g =

   0.653928
   0.671763
   0.657843
   0.701710
   0.652334
   0.644447
   0.675255
   0.657475
   0.649844
   0.610894
   0.545124
   0.497341
   0.497609
   0.395303
   0.576808
   0.664281
   0.721290
   0.529067
   0.656825
   0.617651
   0.556800
   0.583929
   0.567207
   0.594755
   0.639932
   0.565533
   0.525943
   0.372301
   0.732632
   0.559063
   0.238255
   0.549735
   0.689994
   0.728440
   0.716388
   0.703001
   0.669308
   0.701112
   0.710315
   0.639357
   0.676134
   0.621686
   0.511197
   0.661700
   0.554102
   0.597382
   0.388662
   0.714750
   0.542509
   0.589039
   0.713344
   0.758370
   0.732975
   0.748047
   0.739403
   0.685283
   0.712629
   0.672407
   0.262451
   0.527876
   0.653031
   0.394237
   0.325539
   0.462151
   0.304006
   0.110179
   0.274890
   0.090449
   0.116911
   0.218134
   0.158992
   0.199956
   0.194733
   0.225388
   0.328352
   0.469781
   0.570829
   0.548659
   0.438733
   0.469711
   0.580664
   0.619673
   0.553101
   0.611041
   0.358671
   0.484509
   0.454137
   0.418592
   0.600633
   0.303297
   0.282081
   0.527732
   0.561344
   0.323481
   0.186535
   0.033380
   0.029785
   0.375091
   0.113076
   0.139213
   0.345172
   0.018168
   0.575225
   0.507223
   0.643890
   0.551408
   0.611232
   0.690418
   0.537540
   0.453610
   0.436409
   0.425864
   0.354662
   0.469875
   0.597747
   0.129630
   0.166706
   0.537955

g =

   0.653928
   0.671763
   0.657843
   0.701710
   0.652334
   0.644447
   0.675255
   0.657475
   0.649844
   0.610894
   0.545124
   0.497341
   0.497609
   0.395303
   0.576808
   0.664281
   0.721290
   0.529067
   0.656825
   0.617651
   0.556800
   0.583929
   0.567207
   0.594755
   0.639932
   0.565533
   0.525943
   0.372301
   0.732632
   0.559063
   0.238255
   0.549735
   0.689994
   0.728440
   0.716388
   0.703001
   0.669308
   0.701112
   0.710315
   0.639357
   0.676134
   0.621686
   0.511197
   0.661700
   0.554102
   0.597382
   0.388662
   0.714750
   0.542509
   0.589039
   0.713344
   0.758370
   0.732975
   0.748047
   0.739403
   0.685283
   0.712629
   0.672407
   0.262451
   0.527876
   0.653031
   0.394237
   0.325539
   0.462151
   0.304006
   0.110179
   0.274890
   0.090449
   0.116911
   0.218134
   0.158992
   0.199956
   0.194733
   0.225388
   0.328352
   0.469781
   0.570829
   0.548659
   0.438733
   0.469711
   0.580664
   0.619673
   0.553101
   0.611041
   0.358671
   0.484509
   0.454137
   0.418592
   0.600633
   0.303297
   0.282081
   0.527732
   0.561344
   0.323481
   0.186535
   0.033380
   0.029785
   0.375091
   0.113076
   0.139213
   0.345172
   0.018168
   0.575225
   0.507223
   0.643890
   0.551408
   0.611232
   0.690418
   0.537540
   0.453610
   0.436409
   0.425864
   0.354662
   0.469875
   0.597747
   0.129630
   0.166706
   0.537955

g =

   0.6896592
   0.7079567
   0.6900092
   0.7353403
   0.6742318
   0.6624157
   0.7006708
   0.6795503
   0.6738992
   0.6277548
   0.5519531
   0.4977001
   0.5049426
   0.3839159
   0.6043501
   0.7038957
   0.7653800
   0.5412045
   0.6896297
   0.6356350
   0.5569971
   0.5867045
   0.5645199
   0.6003170
   0.6598905
   0.5724406
   0.5308668
   0.3499079
   0.7741053
   0.5720799
   0.1981956
   0.5639812
   0.7270730
   0.7667980
   0.7507810
   0.7347208
   0.6946418
   0.7346511
   0.7470936
   0.6649877
   0.7110186
   0.6514199
   0.5227780
   0.6992687
   0.5768366
   0.6281229
   0.3796707
   0.7587820
   0.5626514
   0.6169962
   0.7566119
   0.8024240
   0.7751441
   0.7886103
   0.7780655
   0.7128977
   0.7467198
   0.6994023
   0.2289613
   0.5431028
   0.6910028
   0.3840405
   0.3035461
   0.4671040
   0.2802796
   0.0788073
   0.2474616
   0.0615593
   0.0845767
   0.1840610
   0.1232173
   0.1627972
   0.1555978
   0.1863615
   0.2925208
   0.4623622
   0.5873890
   0.5552598
   0.4155519
   0.4494885
   0.5903105
   0.6345104
   0.5475626
   0.6210674
   0.3054867
   0.4593956
   0.4221258
   0.3861116
   0.6183181
   0.2667981
   0.2397947
   0.5251474
   0.5819500
   0.2969578
   0.1467995
   0.0171305
   0.0150730
   0.3602800
   0.0797765
   0.1047992
   0.3272433
   0.0085876
   0.5799418
   0.4912733
   0.6643660
   0.5448288
   0.6207989
   0.7197420
   0.5266752
   0.4205013
   0.3992520
   0.3862144
   0.3021031
   0.4449968
   0.6062790
   0.0892403
   0.1279391
   0.5560109

g =

   0.6896592
   0.7079567
   0.6900092
   0.7353403
   0.6742318
   0.6624157
   0.7006708
   0.6795503
   0.6738992
   0.6277548
   0.5519531
   0.4977001
   0.5049426
   0.3839159
   0.6043501
   0.7038957
   0.7653800
   0.5412045
   0.6896297
   0.6356350
   0.5569971
   0.5867045
   0.5645199
   0.6003170
   0.6598905
   0.5724406
   0.5308668
   0.3499079
   0.7741053
   0.5720799
   0.1981956
   0.5639812
   0.7270730
   0.7667980
   0.7507810
   0.7347208
   0.6946418
   0.7346511
   0.7470936
   0.6649877
   0.7110186
   0.6514199
   0.5227780
   0.6992687
   0.5768366
   0.6281229
   0.3796707
   0.7587820
   0.5626514
   0.6169962
   0.7566119
   0.8024240
   0.7751441
   0.7886103
   0.7780655
   0.7128977
   0.7467198
   0.6994023
   0.2289613
   0.5431028
   0.6910028
   0.3840405
   0.3035461
   0.4671040
   0.2802796
   0.0788073
   0.2474616
   0.0615593
   0.0845767
   0.1840610
   0.1232173
   0.1627972
   0.1555978
   0.1863615
   0.2925208
   0.4623622
   0.5873890
   0.5552598
   0.4155519
   0.4494885
   0.5903105
   0.6345104
   0.5475626
   0.6210674
   0.3054867
   0.4593956
   0.4221258
   0.3861116
   0.6183181
   0.2667981
   0.2397947
   0.5251474
   0.5819500
   0.2969578
   0.1467995
   0.0171305
   0.0150730
   0.3602800
   0.0797765
   0.1047992
   0.3272433
   0.0085876
   0.5799418
   0.4912733
   0.6643660
   0.5448288
   0.6207989
   0.7197420
   0.5266752
   0.4205013
   0.3992520
   0.3862144
   0.3021031
   0.4449968
   0.6062790
   0.0892403
   0.1279391
   0.5560109

g =

   0.6978846
   0.7156276
   0.6961419
   0.7405047
   0.6750250
   0.6613978
   0.7023792
   0.6801749
   0.6761292
   0.6281117
   0.5511533
   0.4968382
   0.5083123
   0.3837524
   0.6129495
   0.7139022
   0.7754922
   0.5436455
   0.6961492
   0.6360435
   0.5510913
   0.5805223
   0.5562438
   0.5949291
   0.6602168
   0.5699817
   0.5304727
   0.3448172
   0.7824736
   0.5731686
   0.1883816
   0.5663003
   0.7344862
   0.7736565
   0.7558923
   0.7388414
   0.6965646
   0.7399070
   0.7538650
   0.6688737
   0.7183306
   0.6589669
   0.5275934
   0.7088786
   0.5847710
   0.6375421
   0.3805705
   0.7691062
   0.5689326
   0.6245734
   0.7665191
   0.8116062
   0.7838653
   0.7961760
   0.7848586
   0.7154128
   0.7518254
   0.7021453
   0.2215643
   0.5473457
   0.7006120
   0.3830187
   0.3000192
   0.4705822
   0.2774466
   0.0739236
   0.2441876
   0.0572061
   0.0796315
   0.1789952
   0.1174961
   0.1563921
   0.1481887
   0.1785512
   0.2821735
   0.4589272
   0.5906389
   0.5540160
   0.4047260
   0.4378648
   0.5883831
   0.6329933
   0.5384126
   0.6172751
   0.2835435
   0.4441241
   0.4052245
   0.3714038
   0.6195136
   0.2564644
   0.2274593
   0.5195952
   0.5870251
   0.2907272
   0.1380426
   0.0145398
   0.0127769
   0.3576841
   0.0735530
   0.0988340
   0.3251844
   0.0073624
   0.5753124
   0.4792282
   0.6647708
   0.5352509
   0.6167670
   0.7230084
   0.5156963
   0.4028770
   0.3804832
   0.3670321
   0.2808930
   0.4309447
   0.6025230
   0.0803349
   0.1197230
   0.5625638

g =

   0.6978846
   0.7156276
   0.6961419
   0.7405047
   0.6750250
   0.6613978
   0.7023792
   0.6801749
   0.6761292
   0.6281117
   0.5511533
   0.4968382
   0.5083123
   0.3837524
   0.6129495
   0.7139022
   0.7754922
   0.5436455
   0.6961492
   0.6360435
   0.5510913
   0.5805223
   0.5562438
   0.5949291
   0.6602168
   0.5699817
   0.5304727
   0.3448172
   0.7824736
   0.5731686
   0.1883816
   0.5663003
   0.7344862
   0.7736565
   0.7558923
   0.7388414
   0.6965646
   0.7399070
   0.7538650
   0.6688737
   0.7183306
   0.6589669
   0.5275934
   0.7088786
   0.5847710
   0.6375421
   0.3805705
   0.7691062
   0.5689326
   0.6245734
   0.7665191
   0.8116062
   0.7838653
   0.7961760
   0.7848586
   0.7154128
   0.7518254
   0.7021453
   0.2215643
   0.5473457
   0.7006120
   0.3830187
   0.3000192
   0.4705822
   0.2774466
   0.0739236
   0.2441876
   0.0572061
   0.0796315
   0.1789952
   0.1174961
   0.1563921
   0.1481887
   0.1785512
   0.2821735
   0.4589272
   0.5906389
   0.5540160
   0.4047260
   0.4378648
   0.5883831
   0.6329933
   0.5384126
   0.6172751
   0.2835435
   0.4441241
   0.4052245
   0.3714038
   0.6195136
   0.2564644
   0.2274593
   0.5195952
   0.5870251
   0.2907272
   0.1380426
   0.0145398
   0.0127769
   0.3576841
   0.0735530
   0.0988340
   0.3251844
   0.0073624
   0.5753124
   0.4792282
   0.6647708
   0.5352509
   0.6167670
   0.7230084
   0.5156963
   0.4028770
   0.3804832
   0.3670321
   0.2808930
   0.4309447
   0.6025230
   0.0803349
   0.1197230
   0.5625638

g =

   0.7077661
   0.7233857
   0.7008005
   0.7408990
   0.6665606
   0.6485900
   0.6948390
   0.6706122
   0.6711332
   0.6207053
   0.5457914
   0.4952329
   0.5175298
   0.3916855
   0.6285727
   0.7276891
   0.7874889
   0.5471463
   0.7017945
   0.6287279
   0.5321552
   0.5586800
   0.5300985
   0.5738028
   0.6508036
   0.5585863
   0.5277401
   0.3416474
   0.7899614
   0.5714071
   0.1778184
   0.5681282
   0.7408988
   0.7774974
   0.7556033
   0.7363514
   0.6897458
   0.7403698
   0.7579360
   0.6688886
   0.7252290
   0.6695422
   0.5393619
   0.7222673
   0.6008392
   0.6541043
   0.3909095
   0.7818044
   0.5809074
   0.6365166
   0.7782188
   0.8206872
   0.7922076
   0.8013776
   0.7882311
   0.7095895
   0.7515288
   0.6972921
   0.2160986
   0.5552177
   0.7139315
   0.3873637
   0.3020961
   0.4817639
   0.2828028
   0.0728949
   0.2498390
   0.0562435
   0.0790258
   0.1811441
   0.1169437
   0.1550010
   0.1441229
   0.1736210
   0.2680000
   0.4528898
   0.5938096
   0.5471994
   0.3820552
   0.4106103
   0.5771901
   0.6200350
   0.5107484
   0.5991119
   0.2406069
   0.4074020
   0.3672750
   0.3415532
   0.6152549
   0.2431584
   0.2102139
   0.5037816
   0.5946498
   0.2861351
   0.1298579
   0.0123405
   0.0108689
   0.3592012
   0.0688662
   0.0962940
   0.3301846
   0.0067698
   0.5574182
   0.4478078
   0.6553320
   0.5067592
   0.5980774
   0.7187690
   0.4850559
   0.3627894
   0.3388452
   0.3256331
   0.2402426
   0.3987394
   0.5859459
   0.0704059
   0.1124164
   0.5765592

g =

   0.7077661
   0.7233857
   0.7008005
   0.7408990
   0.6665606
   0.6485900
   0.6948390
   0.6706122
   0.6711332
   0.6207053
   0.5457914
   0.4952329
   0.5175298
   0.3916855
   0.6285727
   0.7276891
   0.7874889
   0.5471463
   0.7017945
   0.6287279
   0.5321552
   0.5586800
   0.5300985
   0.5738028
   0.6508036
   0.5585863
   0.5277401
   0.3416474
   0.7899614
   0.5714071
   0.1778184
   0.5681282
   0.7408988
   0.7774974
   0.7556033
   0.7363514
   0.6897458
   0.7403698
   0.7579360
   0.6688886
   0.7252290
   0.6695422
   0.5393619
   0.7222673
   0.6008392
   0.6541043
   0.3909095
   0.7818044
   0.5809074
   0.6365166
   0.7782188
   0.8206872
   0.7922076
   0.8013776
   0.7882311
   0.7095895
   0.7515288
   0.6972921
   0.2160986
   0.5552177
   0.7139315
   0.3873637
   0.3020961
   0.4817639
   0.2828028
   0.0728949
   0.2498390
   0.0562435
   0.0790258
   0.1811441
   0.1169437
   0.1550010
   0.1441229
   0.1736210
   0.2680000
   0.4528898
   0.5938096
   0.5471994
   0.3820552
   0.4106103
   0.5771901
   0.6200350
   0.5107484
   0.5991119
   0.2406069
   0.4074020
   0.3672750
   0.3415532
   0.6152549
   0.2431584
   0.2102139
   0.5037816
   0.5946498
   0.2861351
   0.1298579
   0.0123405
   0.0108689
   0.3592012
   0.0688662
   0.0962940
   0.3301846
   0.0067698
   0.5574182
   0.4478078
   0.6553320
   0.5067592
   0.5980774
   0.7187690
   0.4850559
   0.3627894
   0.3388452
   0.3256331
   0.2402426
   0.3987394
   0.5859459
   0.0704059
   0.1124164
   0.5765592

g =

   0.7144209
   0.7265078
   0.7005471
   0.7326114
   0.6483001
   0.6242685
   0.6758982
   0.6494743
   0.6567935
   0.6053516
   0.5381264
   0.4964328
   0.5337578
   0.4134345
   0.6470656
   0.7387888
   0.7942439
   0.5533333
   0.7028914
   0.6145787
   0.5065222
   0.5264520
   0.4927578
   0.5405833
   0.6307157
   0.5408160
   0.5252233
   0.3488744
   0.7904899
   0.5688589
   0.1783604
   0.5708445
   0.7414626
   0.7730657
   0.7455459
   0.7233315
   0.6718442
   0.7314895
   0.7539121
   0.6623828
   0.7265836
   0.6788926
   0.5580233
   0.7331968
   0.6218937
   0.6727425
   0.4157153
   0.7896472
   0.5967252
   0.6492785
   0.7848176
   0.8228047
   0.7938795
   0.7982709
   0.7825730
   0.6928379
   0.7412489
   0.6819969
   0.2231415
   0.5667960
   0.7249445
   0.4028532
   0.3178976
   0.5023276
   0.3047200
   0.0828848
   0.2736093
   0.0649783
   0.0904153
   0.2005230
   0.1306837
   0.1685338
   0.1532349
   0.1818858
   0.2614242
   0.4498702
   0.5962928
   0.5372081
   0.3581093
   0.3782907
   0.5585737
   0.5961735
   0.4717087
   0.5688070
   0.1979011
   0.3632710
   0.3244874
   0.3118704
   0.6065027
   0.2396383
   0.2018258
   0.4847500
   0.6037981
   0.2933087
   0.1325641
   0.0126880
   0.0112272
   0.3719275
   0.0724962
   0.1051470
   0.3494421
   0.0081104
   0.5297287
   0.4071716
   0.6349869
   0.4669791
   0.5672413
   0.7036866
   0.4440662
   0.3165832
   0.2917755
   0.2802679
   0.2009497
   0.3623289
   0.5601931
   0.0679530
   0.1155554
   0.5961736

g =

   0.7144209
   0.7265078
   0.7005471
   0.7326114
   0.6483001
   0.6242685
   0.6758982
   0.6494743
   0.6567935
   0.6053516
   0.5381264
   0.4964328
   0.5337578
   0.4134345
   0.6470656
   0.7387888
   0.7942439
   0.5533333
   0.7028914
   0.6145787
   0.5065222
   0.5264520
   0.4927578
   0.5405833
   0.6307157
   0.5408160
   0.5252233
   0.3488744
   0.7904899
   0.5688589
   0.1783604
   0.5708445
   0.7414626
   0.7730657
   0.7455459
   0.7233315
   0.6718442
   0.7314895
   0.7539121
   0.6623828
   0.7265836
   0.6788926
   0.5580233
   0.7331968
   0.6218937
   0.6727425
   0.4157153
   0.7896472
   0.5967252
   0.6492785
   0.7848176
   0.8228047
   0.7938795
   0.7982709
   0.7825730
   0.6928379
   0.7412489
   0.6819969
   0.2231415
   0.5667960
   0.7249445
   0.4028532
   0.3178976
   0.5023276
   0.3047200
   0.0828848
   0.2736093
   0.0649783
   0.0904153
   0.2005230
   0.1306837
   0.1685338
   0.1532349
   0.1818858
   0.2614242
   0.4498702
   0.5962928
   0.5372081
   0.3581093
   0.3782907
   0.5585737
   0.5961735
   0.4717087
   0.5688070
   0.1979011
   0.3632710
   0.3244874
   0.3118704
   0.6065027
   0.2396383
   0.2018258
   0.4847500
   0.6037981
   0.2933087
   0.1325641
   0.0126880
   0.0112272
   0.3719275
   0.0724962
   0.1051470
   0.3494421
   0.0081104
   0.5297287
   0.4071716
   0.6349869
   0.4669791
   0.5672413
   0.7036866
   0.4440662
   0.3165832
   0.2917755
   0.2802679
   0.2009497
   0.3623289
   0.5601931
   0.0679530
   0.1155554
   0.5961736

g =

   0.714704
   0.724136
   0.696822
   0.721818
   0.633280
   0.605267
   0.658434
   0.631035
   0.642929
   0.592715
   0.534212
   0.501034
   0.548047
   0.437038
   0.657498
   0.741081
   0.792386
   0.559903
   0.699999
   0.604398
   0.492811
   0.506417
   0.469900
   0.517853
   0.613524
   0.529053
   0.525786
   0.363677
   0.784519
   0.569100
   0.191660
   0.574490
   0.736881
   0.763879
   0.732744
   0.708602
   0.654922
   0.719388
   0.744884
   0.654309
   0.722352
   0.682162
   0.572997
   0.735791
   0.635598
   0.682614
   0.440532
   0.788592
   0.607111
   0.655637
   0.783052
   0.817308
   0.788635
   0.789365
   0.771915
   0.676673
   0.727975
   0.666588
   0.240183
   0.575833
   0.727578
   0.420734
   0.338771
   0.520008
   0.331222
   0.100584
   0.303090
   0.081008
   0.110096
   0.228324
   0.153567
   0.191551
   0.172323
   0.200423
   0.267601
   0.453153
   0.597670
   0.531552
   0.348934
   0.362325
   0.545405
   0.577526
   0.447667
   0.546941
   0.180990
   0.341397
   0.305391
   0.302801
   0.600687
   0.250199
   0.209080
   0.476997
   0.609900
   0.309760
   0.146352
   0.015797
   0.013969
   0.389098
   0.083385
   0.121976
   0.372076
   0.011433
   0.510975
   0.384344
   0.617464
   0.442891
   0.545317
   0.687945
   0.420705
   0.294532
   0.269568
   0.260172
   0.186859
   0.346784
   0.543679
   0.075096
   0.128960
   0.610112

g =

   0.714704
   0.724136
   0.696822
   0.721818
   0.633280
   0.605267
   0.658434
   0.631035
   0.642929
   0.592715
   0.534212
   0.501034
   0.548047
   0.437038
   0.657498
   0.741081
   0.792386
   0.559903
   0.699999
   0.604398
   0.492811
   0.506417
   0.469900
   0.517853
   0.613524
   0.529053
   0.525786
   0.363677
   0.784519
   0.569100
   0.191660
   0.574490
   0.736881
   0.763879
   0.732744
   0.708602
   0.654922
   0.719388
   0.744884
   0.654309
   0.722352
   0.682162
   0.572997
   0.735791
   0.635598
   0.682614
   0.440532
   0.788592
   0.607111
   0.655637
   0.783052
   0.817308
   0.788635
   0.789365
   0.771915
   0.676673
   0.727975
   0.666588
   0.240183
   0.575833
   0.727578
   0.420734
   0.338771
   0.520008
   0.331222
   0.100584
   0.303090
   0.081008
   0.110096
   0.228324
   0.153567
   0.191551
   0.172323
   0.200423
   0.267601
   0.453153
   0.597670
   0.531552
   0.348934
   0.362325
   0.545405
   0.577526
   0.447667
   0.546941
   0.180990
   0.341397
   0.305391
   0.302801
   0.600687
   0.250199
   0.209080
   0.476997
   0.609900
   0.309760
   0.146352
   0.015797
   0.013969
   0.389098
   0.083385
   0.121976
   0.372076
   0.011433
   0.510975
   0.384344
   0.617464
   0.442891
   0.545317
   0.687945
   0.420705
   0.294532
   0.269568
   0.260172
   0.186859
   0.346784
   0.543679
   0.075096
   0.128960
   0.610112

g =

   0.712704
   0.721485
   0.694623
   0.716911
   0.629249
   0.600256
   0.652239
   0.624762
   0.637476
   0.588663
   0.534498
   0.505114
   0.554407
   0.449097
   0.658979
   0.738710
   0.788317
   0.563793
   0.697899
   0.602918
   0.493171
   0.503896
   0.466688
   0.512846
   0.607656
   0.526646
   0.527871
   0.374195
   0.779701
   0.571645
   0.204497
   0.577537
   0.733443
   0.758513
   0.726738
   0.702105
   0.648525
   0.713206
   0.739259
   0.650573
   0.718682
   0.681790
   0.578925
   0.734112
   0.639267
   0.683894
   0.451397
   0.784748
   0.609395
   0.655943
   0.779151
   0.812055
   0.783926
   0.783522
   0.765650
   0.670759
   0.721472
   0.660310
   0.252448
   0.578996
   0.725530
   0.429167
   0.349551
   0.526360
   0.344617
   0.112438
   0.318802
   0.092296
   0.123472
   0.245153
   0.168810
   0.206970
   0.186198
   0.214073
   0.276080
   0.457760
   0.598466
   0.531268
   0.350800
   0.361622
   0.542165
   0.571932
   0.443543
   0.541519
   0.182681
   0.341148
   0.306961
   0.308371
   0.600679
   0.262441
   0.220475
   0.479811
   0.611821
   0.321664
   0.158472
   0.018955
   0.016607
   0.398275
   0.091505
   0.132974
   0.382972
   0.014269
   0.506632
   0.381268
   0.611453
   0.439167
   0.540213
   0.681441
   0.418281
   0.294304
   0.269061
   0.261130
   0.190308
   0.349444
   0.541633
   0.083700
   0.140398
   0.614718

g =

   0.712704
   0.721485
   0.694623
   0.716911
   0.629249
   0.600256
   0.652239
   0.624762
   0.637476
   0.588663
   0.534498
   0.505114
   0.554407
   0.449097
   0.658979
   0.738710
   0.788317
   0.563793
   0.697899
   0.602918
   0.493171
   0.503896
   0.466688
   0.512846
   0.607656
   0.526646
   0.527871
   0.374195
   0.779701
   0.571645
   0.204497
   0.577537
   0.733443
   0.758513
   0.726738
   0.702105
   0.648525
   0.713206
   0.739259
   0.650573
   0.718682
   0.681790
   0.578925
   0.734112
   0.639267
   0.683894
   0.451397
   0.784748
   0.609395
   0.655943
   0.779151
   0.812055
   0.783926
   0.783522
   0.765650
   0.670759
   0.721472
   0.660310
   0.252448
   0.578996
   0.725530
   0.429167
   0.349551
   0.526360
   0.344617
   0.112438
   0.318802
   0.092296
   0.123472
   0.245153
   0.168810
   0.206970
   0.186198
   0.214073
   0.276080
   0.457760
   0.598466
   0.531268
   0.350800
   0.361622
   0.542165
   0.571932
   0.443543
   0.541519
   0.182681
   0.341148
   0.306961
   0.308371
   0.600679
   0.262441
   0.220475
   0.479811
   0.611821
   0.321664
   0.158472
   0.018955
   0.016607
   0.398275
   0.091505
   0.132974
   0.382972
   0.014269
   0.506632
   0.381268
   0.611453
   0.439167
   0.540213
   0.681441
   0.418281
   0.294304
   0.269061
   0.261130
   0.190308
   0.349444
   0.541633
   0.083700
   0.140398
   0.614718

g =

   0.711298
   0.720439
   0.694442
   0.716372
   0.630456
   0.601423
   0.652014
   0.624440
   0.636542
   0.588346
   0.535620
   0.507465
   0.556687
   0.453603
   0.657448
   0.736258
   0.785773
   0.565627
   0.697539
   0.605100
   0.497574
   0.507237
   0.469727
   0.514176
   0.607086
   0.527190
   0.529511
   0.379255
   0.777850
   0.574449
   0.212092
   0.579684
   0.732411
   0.757132
   0.725736
   0.701015
   0.647765
   0.711586
   0.737387
   0.649748
   0.717236
   0.681289
   0.580714
   0.732691
   0.639319
   0.682824
   0.453408
   0.782146
   0.608090
   0.654331
   0.776717
   0.809650
   0.781937
   0.781618
   0.763820
   0.670599
   0.720001
   0.659249
   0.257406
   0.578971
   0.723212
   0.430184
   0.351440
   0.526269
   0.347779
   0.116851
   0.323725
   0.097068
   0.129092
   0.251887
   0.175425
   0.213862
   0.192764
   0.220600
   0.281012
   0.460636
   0.599137
   0.532272
   0.353564
   0.363732
   0.542410
   0.571752
   0.445468
   0.542412
   0.187450
   0.346067
   0.312880
   0.315701
   0.602992
   0.270525
   0.228773
   0.484876
   0.611881
   0.326922
   0.164944
   0.020774
   0.017913
   0.400188
   0.094177
   0.136308
   0.384745
   0.015624
   0.507093
   0.383168
   0.610890
   0.441593
   0.541535
   0.680506
   0.421857
   0.298863
   0.273078
   0.266310
   0.196399
   0.355789
   0.544731
   0.089457
   0.146178
   0.615660

g =

   0.711298
   0.720439
   0.694442
   0.716372
   0.630456
   0.601423
   0.652014
   0.624440
   0.636542
   0.588346
   0.535620
   0.507465
   0.556687
   0.453603
   0.657448
   0.736258
   0.785773
   0.565627
   0.697539
   0.605100
   0.497574
   0.507237
   0.469727
   0.514176
   0.607086
   0.527190
   0.529511
   0.379255
   0.777850
   0.574449
   0.212092
   0.579684
   0.732411
   0.757132
   0.725736
   0.701015
   0.647765
   0.711586
   0.737387
   0.649748
   0.717236
   0.681289
   0.580714
   0.732691
   0.639319
   0.682824
   0.453408
   0.782146
   0.608090
   0.654331
   0.776717
   0.809650
   0.781937
   0.781618
   0.763820
   0.670599
   0.720001
   0.659249
   0.257406
   0.578971
   0.723212
   0.430184
   0.351440
   0.526269
   0.347779
   0.116851
   0.323725
   0.097068
   0.129092
   0.251887
   0.175425
   0.213862
   0.192764
   0.220600
   0.281012
   0.460636
   0.599137
   0.532272
   0.353564
   0.363732
   0.542410
   0.571752
   0.445468
   0.542412
   0.187450
   0.346067
   0.312880
   0.315701
   0.602992
   0.270525
   0.228773
   0.484876
   0.611881
   0.326922
   0.164944
   0.020774
   0.017913
   0.400188
   0.094177
   0.136308
   0.384745
   0.015624
   0.507093
   0.383168
   0.610890
   0.441593
   0.541535
   0.680506
   0.421857
   0.298863
   0.273078
   0.266310
   0.196399
   0.355789
   0.544731
   0.089457
   0.146178
   0.615660

g =

   0.709244
   0.719776
   0.695667
   0.717877
   0.635124
   0.605880
   0.653944
   0.625687
   0.636076
   0.588300
   0.537335
   0.511005
   0.560294
   0.459875
   0.653165
   0.731758
   0.782208
   0.568204
   0.698276
   0.611152
   0.507290
   0.515180
   0.476511
   0.517584
   0.607217
   0.527891
   0.532048
   0.386372
   0.776427
   0.580380
   0.224085
   0.583694
   0.732235
   0.757003
   0.726522
   0.701444
   0.648249
   0.710652
   0.735943
   0.649326
   0.716139
   0.681308
   0.583494
   0.731219
   0.638823
   0.680546
   0.452516
   0.778305
   0.603106
   0.649951
   0.773297
   0.807161
   0.780131
   0.780506
   0.762922
   0.672875
   0.719667
   0.659065
   0.261757
   0.576738
   0.718778
   0.426469
   0.348336
   0.521965
   0.347687
   0.120863
   0.327885
   0.102881
   0.136142
   0.260578
   0.184378
   0.223462
   0.201945
   0.229680
   0.287229
   0.464623
   0.600667
   0.533755
   0.356293
   0.365498
   0.542810
   0.572222
   0.449037
   0.545254
   0.195108
   0.355391
   0.324072
   0.329552
   0.608892
   0.284173
   0.243307
   0.495438
   0.610934
   0.332792
   0.174130
   0.023482
   0.019340
   0.398271
   0.094556
   0.136956
   0.381818
   0.017369
   0.507741
   0.385329
   0.611153
   0.446382
   0.545444
   0.681063
   0.429128
   0.306735
   0.279302
   0.275371
   0.207239
   0.368167
   0.552449
   0.099361
   0.153734
   0.617063

g =

   0.709244
   0.719776
   0.695667
   0.717877
   0.635124
   0.605880
   0.653944
   0.625687
   0.636076
   0.588300
   0.537335
   0.511005
   0.560294
   0.459875
   0.653165
   0.731758
   0.782208
   0.568204
   0.698276
   0.611152
   0.507290
   0.515180
   0.476511
   0.517584
   0.607217
   0.527891
   0.532048
   0.386372
   0.776427
   0.580380
   0.224085
   0.583694
   0.732235
   0.757003
   0.726522
   0.701444
   0.648249
   0.710652
   0.735943
   0.649326
   0.716139
   0.681308
   0.583494
   0.731219
   0.638823
   0.680546
   0.452516
   0.778305
   0.603106
   0.649951
   0.773297
   0.807161
   0.780131
   0.780506
   0.762922
   0.672875
   0.719667
   0.659065
   0.261757
   0.576738
   0.718778
   0.426469
   0.348336
   0.521965
   0.347687
   0.120863
   0.327885
   0.102881
   0.136142
   0.260578
   0.184378
   0.223462
   0.201945
   0.229680
   0.287229
   0.464623
   0.600667
   0.533755
   0.356293
   0.365498
   0.542810
   0.572222
   0.449037
   0.545254
   0.195108
   0.355391
   0.324072
   0.329552
   0.608892
   0.284173
   0.243307
   0.495438
   0.610934
   0.332792
   0.174130
   0.023482
   0.019340
   0.398271
   0.094556
   0.136956
   0.381818
   0.017369
   0.507741
   0.385329
   0.611153
   0.446382
   0.545444
   0.681063
   0.429128
   0.306735
   0.279302
   0.275371
   0.207239
   0.368167
   0.552449
   0.099361
   0.153734
   0.617063

g =

   0.706725
   0.720169
   0.699057
   0.722405
   0.643533
   0.613331
   0.658054
   0.627877
   0.635427
   0.587205
   0.538388
   0.515016
   0.565917
   0.468141
   0.645323
   0.725134
   0.778381
   0.570749
   0.700807
   0.621408
   0.521698
   0.526649
   0.485041
   0.520898
   0.606871
   0.526581
   0.534624
   0.394485
   0.776600
   0.589591
   0.239229
   0.589382
   0.733844
   0.759311
   0.730036
   0.703918
   0.649615
   0.710896
   0.735795
   0.649222
   0.716364
   0.683004
   0.588133
   0.731057
   0.638414
   0.677584
   0.446164
   0.773900
   0.592255
   0.641471
   0.769570
   0.805871
   0.779632
   0.781467
   0.764106
   0.677989
   0.721151
   0.659482
   0.261560
   0.570327
   0.711955
   0.413434
   0.335080
   0.510446
   0.340623
   0.121903
   0.329085
   0.108314
   0.143292
   0.270318
   0.194804
   0.234977
   0.212593
   0.239988
   0.291772
   0.468241
   0.603203
   0.534229
   0.354760
   0.362166
   0.541308
   0.571545
   0.450877
   0.548256
   0.201711
   0.366173
   0.337894
   0.348460
   0.618793
   0.302584
   0.263518
   0.511134
   0.607940
   0.336250
   0.184022
   0.026556
   0.019910
   0.387966
   0.088876
   0.130831
   0.369646
   0.019024
   0.505639
   0.383033
   0.611152
   0.450469
   0.550424
   0.683335
   0.437474
   0.314085
   0.283169
   0.284737
   0.220015
   0.384736
   0.564334
   0.113302
   0.160613
   0.619885

g =

   0.706725
   0.720169
   0.699057
   0.722405
   0.643533
   0.613331
   0.658054
   0.627877
   0.635427
   0.587205
   0.538388
   0.515016
   0.565917
   0.468141
   0.645323
   0.725134
   0.778381
   0.570749
   0.700807
   0.621408
   0.521698
   0.526649
   0.485041
   0.520898
   0.606871
   0.526581
   0.534624
   0.394485
   0.776600
   0.589591
   0.239229
   0.589382
   0.733844
   0.759311
   0.730036
   0.703918
   0.649615
   0.710896
   0.735795
   0.649222
   0.716364
   0.683004
   0.588133
   0.731057
   0.638414
   0.677584
   0.446164
   0.773900
   0.592255
   0.641471
   0.769570
   0.805871
   0.779632
   0.781467
   0.764106
   0.677989
   0.721151
   0.659482
   0.261560
   0.570327
   0.711955
   0.413434
   0.335080
   0.510446
   0.340623
   0.121903
   0.329085
   0.108314
   0.143292
   0.270318
   0.194804
   0.234977
   0.212593
   0.239988
   0.291772
   0.468241
   0.603203
   0.534229
   0.354760
   0.362166
   0.541308
   0.571545
   0.450877
   0.548256
   0.201711
   0.366173
   0.337894
   0.348460
   0.618793
   0.302584
   0.263518
   0.511134
   0.607940
   0.336250
   0.184022
   0.026556
   0.019910
   0.387966
   0.088876
   0.130831
   0.369646
   0.019024
   0.505639
   0.383033
   0.611152
   0.450469
   0.550424
   0.683335
   0.437474
   0.314085
   0.283169
   0.284737
   0.220015
   0.384736
   0.564334
   0.113302
   0.160613
   0.619885

g =

   0.704221
   0.721919
   0.704233
   0.729617
   0.653651
   0.621477
   0.663254
   0.629725
   0.633970
   0.583814
   0.537031
   0.517560
   0.572682
   0.476309
   0.634605
   0.717658
   0.775892
   0.571284
   0.704902
   0.633329
   0.536200
   0.537443
   0.490931
   0.520894
   0.604789
   0.521134
   0.535525
   0.400157
   0.779361
   0.599503
   0.251379
   0.594661
   0.737533
   0.764524
   0.736231
   0.708281
   0.651062
   0.712708
   0.737828
   0.649276
   0.718797
   0.687043
   0.594178
   0.733553
   0.638619
   0.674986
   0.432766
   0.770576
   0.575323
   0.629065
   0.766992
   0.807355
   0.781568
   0.785463
   0.768175
   0.684955
   0.724712
   0.660028
   0.252200
   0.558649
   0.703814
   0.389069
   0.309489
   0.490842
   0.324132
   0.116768
   0.324278
   0.109935
   0.146741
   0.277218
   0.202586
   0.244152
   0.220255
   0.247023
   0.290038
   0.468819
   0.606131
   0.531845
   0.344740
   0.349460
   0.535947
   0.567879
   0.446831
   0.548683
   0.200914
   0.372260
   0.347570
   0.365409
   0.630283
   0.319390
   0.282722
   0.527231
   0.602021
   0.332548
   0.189017
   0.028114
   0.018344
   0.366613
   0.075609
   0.115839
   0.346222
   0.019380
   0.498060
   0.371771
   0.609645
   0.449456
   0.553542
   0.686908
   0.441864
   0.314684
   0.278640
   0.287809
   0.227670
   0.398862
   0.576685
   0.126492
   0.161626
   0.624217

g =

   0.704221
   0.721919
   0.704233
   0.729617
   0.653651
   0.621477
   0.663254
   0.629725
   0.633970
   0.583814
   0.537031
   0.517560
   0.572682
   0.476309
   0.634605
   0.717658
   0.775892
   0.571284
   0.704902
   0.633329
   0.536200
   0.537443
   0.490931
   0.520894
   0.604789
   0.521134
   0.535525
   0.400157
   0.779361
   0.599503
   0.251379
   0.594661
   0.737533
   0.764524
   0.736231
   0.708281
   0.651062
   0.712708
   0.737828
   0.649276
   0.718797
   0.687043
   0.594178
   0.733553
   0.638619
   0.674986
   0.432766
   0.770576
   0.575323
   0.629065
   0.766992
   0.807355
   0.781568
   0.785463
   0.768175
   0.684955
   0.724712
   0.660028
   0.252200
   0.558649
   0.703814
   0.389069
   0.309489
   0.490842
   0.324132
   0.116768
   0.324278
   0.109935
   0.146741
   0.277218
   0.202586
   0.244152
   0.220255
   0.247023
   0.290038
   0.468819
   0.606131
   0.531845
   0.344740
   0.349460
   0.535947
   0.567879
   0.446831
   0.548683
   0.200914
   0.372260
   0.347570
   0.365409
   0.630283
   0.319390
   0.282722
   0.527231
   0.602021
   0.332548
   0.189017
   0.028114
   0.018344
   0.366613
   0.075609
   0.115839
   0.346222
   0.019380
   0.498060
   0.371771
   0.609645
   0.449456
   0.553542
   0.686908
   0.441864
   0.314684
   0.278640
   0.287809
   0.227670
   0.398862
   0.576685
   0.126492
   0.161626
   0.624217

g =

   0.703141
   0.723546
   0.707253
   0.734288
   0.657919
   0.624066
   0.665585
   0.629472
   0.632349
   0.579912
   0.533664
   0.516475
   0.575953
   0.478554
   0.628146
   0.714408
   0.776557
   0.568497
   0.707374
   0.637982
   0.539533
   0.538984
   0.488901
   0.516548
   0.601844
   0.514502
   0.533702
   0.398817
   0.782777
   0.602454
   0.249946
   0.595049
   0.740536
   0.768950
   0.740680
   0.711364
   0.651225
   0.714795
   0.740738
   0.649292
   0.721922
   0.690849
   0.597559
   0.737275
   0.639393
   0.674647
   0.420808
   0.770743
   0.563213
   0.620699
   0.767382
   0.810743
   0.784596
   0.789771
   0.772362
   0.688634
   0.727826
   0.660029
   0.238868
   0.548768
   0.699790
   0.368920
   0.288159
   0.475764
   0.308737
   0.108616
   0.316090
   0.105882
   0.143229
   0.275737
   0.201340
   0.243661
   0.218545
   0.244880
   0.282158
   0.465310
   0.607329
   0.527641
   0.331926
   0.334823
   0.529649
   0.562991
   0.438366
   0.545346
   0.191690
   0.367718
   0.344386
   0.366357
   0.634724
   0.320750
   0.285002
   0.531325
   0.596447
   0.322722
   0.183892
   0.026382
   0.015710
   0.347614
   0.064157
   0.102294
   0.326660
   0.017924
   0.489172
   0.357869
   0.607120
   0.442714
   0.551766
   0.689088
   0.437856
   0.306421
   0.267283
   0.280639
   0.222635
   0.398748
   0.579989
   0.127082
   0.154647
   0.627221

g =

   0.703141
   0.723546
   0.707253
   0.734288
   0.657919
   0.624066
   0.665585
   0.629472
   0.632349
   0.579912
   0.533664
   0.516475
   0.575953
   0.478554
   0.628146
   0.714408
   0.776557
   0.568497
   0.707374
   0.637982
   0.539533
   0.538984
   0.488901
   0.516548
   0.601844
   0.514502
   0.533702
   0.398817
   0.782777
   0.602454
   0.249946
   0.595049
   0.740536
   0.768950
   0.740680
   0.711364
   0.651225
   0.714795
   0.740738
   0.649292
   0.721922
   0.690849
   0.597559
   0.737275
   0.639393
   0.674647
   0.420808
   0.770743
   0.563213
   0.620699
   0.767382
   0.810743
   0.784596
   0.789771
   0.772362
   0.688634
   0.727826
   0.660029
   0.238868
   0.548768
   0.699790
   0.368920
   0.288159
   0.475764
   0.308737
   0.108616
   0.316090
   0.105882
   0.143229
   0.275737
   0.201340
   0.243661
   0.218545
   0.244880
   0.282158
   0.465310
   0.607329
   0.527641
   0.331926
   0.334823
   0.529649
   0.562991
   0.438366
   0.545346
   0.191690
   0.367718
   0.344386
   0.366357
   0.634724
   0.320750
   0.285002
   0.531325
   0.596447
   0.322722
   0.183892
   0.026382
   0.015710
   0.347614
   0.064157
   0.102294
   0.326660
   0.017924
   0.489172
   0.357869
   0.607120
   0.442714
   0.551766
   0.689088
   0.437856
   0.306421
   0.267283
   0.280639
   0.222635
   0.398748
   0.579989
   0.127082
   0.154647
   0.627221

g =

   0.703009
   0.723705
   0.707032
   0.734589
   0.656664
   0.622464
   0.665089
   0.628439
   0.631694
   0.578342
   0.531720
   0.514704
   0.575791
   0.477062
   0.627564
   0.714831
   0.777879
   0.565675
   0.707180
   0.636161
   0.535552
   0.535369
   0.484771
   0.513166
   0.600421
   0.511715
   0.532025
   0.395606
   0.783981
   0.600096
   0.243405
   0.592670
   0.740964
   0.769930
   0.741322
   0.711805
   0.650685
   0.715586
   0.742077
   0.649299
   0.723308
   0.692143
   0.597765
   0.739085
   0.639933
   0.675442
   0.417193
   0.772049
   0.560770
   0.619195
   0.768508
   0.812531
   0.785847
   0.791222
   0.773744
   0.688382
   0.728639
   0.659755
   0.232354
   0.545695
   0.699873
   0.363255
   0.282049
   0.472210
   0.303725
   0.104686
   0.311963
   0.102351
   0.139350
   0.271951
   0.197348
   0.239654
   0.214239
   0.240510
   0.277028
   0.462501
   0.607115
   0.525475
   0.326342
   0.328905
   0.527071
   0.560743
   0.433546
   0.542552
   0.185154
   0.361618
   0.337688
   0.359397
   0.632889
   0.314212
   0.278072
   0.527195
   0.594239
   0.316436
   0.177780
   0.024512
   0.014428
   0.341556
   0.060502
   0.097871
   0.321140
   0.016782
   0.485506
   0.351899
   0.605774
   0.437944
   0.549023
   0.689182
   0.432878
   0.299902
   0.260577
   0.273919
   0.215504
   0.392286
   0.576985
   0.121595
   0.148883
   0.627817

g =

   0.703009
   0.723705
   0.707032
   0.734589
   0.656664
   0.622464
   0.665089
   0.628439
   0.631694
   0.578342
   0.531720
   0.514704
   0.575791
   0.477062
   0.627564
   0.714831
   0.777879
   0.565675
   0.707180
   0.636161
   0.535552
   0.535369
   0.484771
   0.513166
   0.600421
   0.511715
   0.532025
   0.395606
   0.783981
   0.600096
   0.243405
   0.592670
   0.740964
   0.769930
   0.741322
   0.711805
   0.650685
   0.715586
   0.742077
   0.649299
   0.723308
   0.692143
   0.597765
   0.739085
   0.639933
   0.675442
   0.417193
   0.772049
   0.560770
   0.619195
   0.768508
   0.812531
   0.785847
   0.791222
   0.773744
   0.688382
   0.728639
   0.659755
   0.232354
   0.545695
   0.699873
   0.363255
   0.282049
   0.472210
   0.303725
   0.104686
   0.311963
   0.102351
   0.139350
   0.271951
   0.197348
   0.239654
   0.214239
   0.240510
   0.277028
   0.462501
   0.607115
   0.525475
   0.326342
   0.328905
   0.527071
   0.560743
   0.433546
   0.542552
   0.185154
   0.361618
   0.337688
   0.359397
   0.632889
   0.314212
   0.278072
   0.527195
   0.594239
   0.316436
   0.177780
   0.024512
   0.014428
   0.341556
   0.060502
   0.097871
   0.321140
   0.016782
   0.485506
   0.351899
   0.605774
   0.437944
   0.549023
   0.689182
   0.432878
   0.299902
   0.260577
   0.273919
   0.215504
   0.392286
   0.576985
   0.121595
   0.148883
   0.627817

g =

   0.701737
   0.722298
   0.705696
   0.733201
   0.655814
   0.621962
   0.664264
   0.627947
   0.631123
   0.578201
   0.531754
   0.514642
   0.574946
   0.476828
   0.626725
   0.713520
   0.776279
   0.565275
   0.705843
   0.635354
   0.535636
   0.535606
   0.485546
   0.513756
   0.600180
   0.512156
   0.531925
   0.396255
   0.782361
   0.599397
   0.244928
   0.592029
   0.739479
   0.768380
   0.739942
   0.710633
   0.649998
   0.714368
   0.740653
   0.648446
   0.721866
   0.690703
   0.596745
   0.737433
   0.638724
   0.674110
   0.417854
   0.770465
   0.560606
   0.618558
   0.766943
   0.810849
   0.784220
   0.789611
   0.772209
   0.687357
   0.727354
   0.658982
   0.234216
   0.545612
   0.698659
   0.364694
   0.283924
   0.472692
   0.305186
   0.106173
   0.313063
   0.103668
   0.140728
   0.272996
   0.198637
   0.240863
   0.215639
   0.241893
   0.278751
   0.462947
   0.606338
   0.525617
   0.328250
   0.330972
   0.527408
   0.560886
   0.434896
   0.542863
   0.187627
   0.363382
   0.339547
   0.360841
   0.632027
   0.315440
   0.279534
   0.527211
   0.593709
   0.317860
   0.179483
   0.025179
   0.014927
   0.343112
   0.061921
   0.099568
   0.322724
   0.017254
   0.486355
   0.353936
   0.605488
   0.439221
   0.549245
   0.688177
   0.434124
   0.302112
   0.263025
   0.276202
   0.217845
   0.393647
   0.576782
   0.123138
   0.150618
   0.626615

g =

   0.701737
   0.722298
   0.705696
   0.733201
   0.655814
   0.621962
   0.664264
   0.627947
   0.631123
   0.578201
   0.531754
   0.514642
   0.574946
   0.476828
   0.626725
   0.713520
   0.776279
   0.565275
   0.705843
   0.635354
   0.535636
   0.535606
   0.485546
   0.513756
   0.600180
   0.512156
   0.531925
   0.396255
   0.782361
   0.599397
   0.244928
   0.592029
   0.739479
   0.768380
   0.739942
   0.710633
   0.649998
   0.714368
   0.740653
   0.648446
   0.721866
   0.690703
   0.596745
   0.737433
   0.638724
   0.674110
   0.417854
   0.770465
   0.560606
   0.618558
   0.766943
   0.810849
   0.784220
   0.789611
   0.772209
   0.687357
   0.727354
   0.658982
   0.234216
   0.545612
   0.698659
   0.364694
   0.283924
   0.472692
   0.305186
   0.106173
   0.313063
   0.103668
   0.140728
   0.272996
   0.198637
   0.240863
   0.215639
   0.241893
   0.278751
   0.462947
   0.606338
   0.525617
   0.328250
   0.330972
   0.527408
   0.560886
   0.434896
   0.542863
   0.187627
   0.363382
   0.339547
   0.360841
   0.632027
   0.315440
   0.279534
   0.527211
   0.593709
   0.317860
   0.179483
   0.025179
   0.014927
   0.343112
   0.061921
   0.099568
   0.322724
   0.017254
   0.486355
   0.353936
   0.605488
   0.439221
   0.549245
   0.688177
   0.434124
   0.302112
   0.263025
   0.276202
   0.217845
   0.393647
   0.576782
   0.123138
   0.150618
   0.626615

g =

   0.701614
   0.722090
   0.704990
   0.732849
   0.654254
   0.620548
   0.663862
   0.627492
   0.631163
   0.577793
   0.531053
   0.513880
   0.575029
   0.476005
   0.627135
   0.714217
   0.777255
   0.563096
   0.705226
   0.633130
   0.531805
   0.532582
   0.482784
   0.511926
   0.599749
   0.511089
   0.531297
   0.394389
   0.782887
   0.596882
   0.239730
   0.589820
   0.739345
   0.768640
   0.740033
   0.710881
   0.649887
   0.715078
   0.741704
   0.648865
   0.723000
   0.691760
   0.597089
   0.738817
   0.639485
   0.675095
   0.416576
   0.771501
   0.559977
   0.618212
   0.767764
   0.811948
   0.784828
   0.790344
   0.773001
   0.686887
   0.727908
   0.659110
   0.230404
   0.544106
   0.699142
   0.362338
   0.281373
   0.471624
   0.303098
   0.104106
   0.311086
   0.101554
   0.138357
   0.270666
   0.196036
   0.238209
   0.212818
   0.239088
   0.275920
   0.461604
   0.606537
   0.524819
   0.325558
   0.328178
   0.526463
   0.560019
   0.432377
   0.541383
   0.183719
   0.359303
   0.334635
   0.354801
   0.629777
   0.309800
   0.273443
   0.523080
   0.592385
   0.313793
   0.175139
   0.023927
   0.014201
   0.340268
   0.060184
   0.097523
   0.320542
   0.016558
   0.484796
   0.351029
   0.605068
   0.436556
   0.547606
   0.688292
   0.430942
   0.298184
   0.259263
   0.271951
   0.212776
   0.388277
   0.573869
   0.118635
   0.146781
   0.627263

g =

   0.701294
   0.721780
   0.704812
   0.732624
   0.654418
   0.620794
   0.663829
   0.627546
   0.631093
   0.577911
   0.531311
   0.514175
   0.575015
   0.476345
   0.626833
   0.713725
   0.776668
   0.563390
   0.705023
   0.633421
   0.532645
   0.533323
   0.483613
   0.512504
   0.599843
   0.511466
   0.531535
   0.395109
   0.782406
   0.597228
   0.241156
   0.590092
   0.739017
   0.768249
   0.739742
   0.710630
   0.649825
   0.714727
   0.741239
   0.648678
   0.722539
   0.691350
   0.596970
   0.738258
   0.639164
   0.674654
   0.416989
   0.770907
   0.559954
   0.618036
   0.767209
   0.811352
   0.784324
   0.789853
   0.772537
   0.686810
   0.727567
   0.658978
   0.231511
   0.544277
   0.698703
   0.362987
   0.282177
   0.471860
   0.303828
   0.104892
   0.311833
   0.102369
   0.139274
   0.271579
   0.197044
   0.239232
   0.213891
   0.240154
   0.276988
   0.462116
   0.606461
   0.525110
   0.326562
   0.329208
   0.526788
   0.560281
   0.433244
   0.541827
   0.185116
   0.360621
   0.336130
   0.356400
   0.630048
   0.311265
   0.275066
   0.523957
   0.592446
   0.314872
   0.176403
   0.024334
   0.014450
   0.341044
   0.060791
   0.098267
   0.321238
   0.016823
   0.485337
   0.352078
   0.605152
   0.437455
   0.548073
   0.688111
   0.431962
   0.299552
   0.260616
   0.273406
   0.214388
   0.389731
   0.574464
   0.119943
   0.147931
   0.627016

g =

   0.700949
   0.721446
   0.704620
   0.732382
   0.654595
   0.621059
   0.663794
   0.627605
   0.631019
   0.578039
   0.531587
   0.514492
   0.575000
   0.476711
   0.626509
   0.713196
   0.776037
   0.563706
   0.704805
   0.633734
   0.533549
   0.534120
   0.484506
   0.513125
   0.599943
   0.511872
   0.531791
   0.395884
   0.781888
   0.597601
   0.242697
   0.590384
   0.738664
   0.767828
   0.739429
   0.710359
   0.649758
   0.714348
   0.740738
   0.648476
   0.722042
   0.690908
   0.596843
   0.737655
   0.638819
   0.674180
   0.417433
   0.770265
   0.559929
   0.617846
   0.766612
   0.810710
   0.783782
   0.789323
   0.772037
   0.686728
   0.727200
   0.658836
   0.232706
   0.544460
   0.698231
   0.363686
   0.283042
   0.472114
   0.304614
   0.105744
   0.312637
   0.103251
   0.140266
   0.272564
   0.198132
   0.240336
   0.215049
   0.241305
   0.278139
   0.462666
   0.606380
   0.525422
   0.327643
   0.330317
   0.527139
   0.560562
   0.434178
   0.542305
   0.186629
   0.362041
   0.337740
   0.358123
   0.630340
   0.312845
   0.276818
   0.524900
   0.592512
   0.316034
   0.177769
   0.024780
   0.014723
   0.341879
   0.061451
   0.099073
   0.321988
   0.017112
   0.485919
   0.353208
   0.605241
   0.438422
   0.548575
   0.687916
   0.433060
   0.301027
   0.262077
   0.274976
   0.216132
   0.391296
   0.575104
   0.121364
   0.149176
   0.626751

g =

   0.700949
   0.721446
   0.704620
   0.732382
   0.654595
   0.621059
   0.663794
   0.627605
   0.631019
   0.578039
   0.531587
   0.514492
   0.575000
   0.476711
   0.626509
   0.713196
   0.776037
   0.563706
   0.704805
   0.633734
   0.533549
   0.534120
   0.484506
   0.513125
   0.599943
   0.511872
   0.531791
   0.395884
   0.781888
   0.597601
   0.242697
   0.590384
   0.738664
   0.767828
   0.739429
   0.710359
   0.649758
   0.714348
   0.740738
   0.648476
   0.722042
   0.690908
   0.596843
   0.737655
   0.638819
   0.674180
   0.417433
   0.770265
   0.559929
   0.617846
   0.766612
   0.810710
   0.783782
   0.789323
   0.772037
   0.686728
   0.727200
   0.658836
   0.232706
   0.544460
   0.698231
   0.363686
   0.283042
   0.472114
   0.304614
   0.105744
   0.312637
   0.103251
   0.140266
   0.272564
   0.198132
   0.240336
   0.215049
   0.241305
   0.278139
   0.462666
   0.606380
   0.525422
   0.327643
   0.330317
   0.527139
   0.560562
   0.434178
   0.542305
   0.186629
   0.362041
   0.337740
   0.358123
   0.630340
   0.312845
   0.276818
   0.524900
   0.592512
   0.316034
   0.177769
   0.024780
   0.014723
   0.341879
   0.061451
   0.099073
   0.321988
   0.017112
   0.485919
   0.353208
   0.605241
   0.438422
   0.548575
   0.687916
   0.433060
   0.301027
   0.262077
   0.274976
   0.216132
   0.391296
   0.575104
   0.121364
   0.149176
   0.626751

g =

   0.699710
   0.720007
   0.702801
   0.731141
   0.652964
   0.620455
   0.663920
   0.628195
   0.631989
   0.579075
   0.532764
   0.515788
   0.576560
   0.478278
   0.626955
   0.712945
   0.775718
   0.561376
   0.703054
   0.631204
   0.530560
   0.532643
   0.484338
   0.513662
   0.600810
   0.512867
   0.533049
   0.397021
   0.781077
   0.594716
   0.239735
   0.587808
   0.737261
   0.766983
   0.738920
   0.710622
   0.650429
   0.715112
   0.741569
   0.649620
   0.723150
   0.692237
   0.598402
   0.738753
   0.640090
   0.675168
   0.418240
   0.770070
   0.559536
   0.617121
   0.766125
   0.810552
   0.783028
   0.788992
   0.772120
   0.686325
   0.727618
   0.659631
   0.231146
   0.543066
   0.697803
   0.363129
   0.282834
   0.472309
   0.305201
   0.106099
   0.313678
   0.103668
   0.140850
   0.273679
   0.198910
   0.241175
   0.215645
   0.241960
   0.278727
   0.463815
   0.607743
   0.526557
   0.328253
   0.330853
   0.528124
   0.561408
   0.434745
   0.542867
   0.186623
   0.361557
   0.336186
   0.354287
   0.627610
   0.309144
   0.272908
   0.521363
   0.590835
   0.313838
   0.175737
   0.024410
   0.014593
   0.340862
   0.061281
   0.099162
   0.322122
   0.017151
   0.486730
   0.353717
   0.606076
   0.438876
   0.548907
   0.688342
   0.433023
   0.301114
   0.262340
   0.274759
   0.214635
   0.388306
   0.572889
   0.119030
   0.147594
   0.628233

g =

   0.699710
   0.720007
   0.702801
   0.731141
   0.652964
   0.620455
   0.663920
   0.628195
   0.631989
   0.579075
   0.532764
   0.515788
   0.576560
   0.478278
   0.626955
   0.712945
   0.775718
   0.561376
   0.703054
   0.631204
   0.530560
   0.532643
   0.484338
   0.513662
   0.600810
   0.512867
   0.533049
   0.397021
   0.781077
   0.594716
   0.239735
   0.587808
   0.737261
   0.766983
   0.738920
   0.710622
   0.650429
   0.715112
   0.741569
   0.649620
   0.723150
   0.692237
   0.598402
   0.738753
   0.640090
   0.675168
   0.418240
   0.770070
   0.559536
   0.617121
   0.766125
   0.810552
   0.783028
   0.788992
   0.772120
   0.686325
   0.727618
   0.659631
   0.231146
   0.543066
   0.697803
   0.363129
   0.282834
   0.472309
   0.305201
   0.106099
   0.313678
   0.103668
   0.140850
   0.273679
   0.198910
   0.241175
   0.215645
   0.241960
   0.278727
   0.463815
   0.607743
   0.526557
   0.328253
   0.330853
   0.528124
   0.561408
   0.434745
   0.542867
   0.186623
   0.361557
   0.336186
   0.354287
   0.627610
   0.309144
   0.272908
   0.521363
   0.590835
   0.313838
   0.175737
   0.024410
   0.014593
   0.340862
   0.061281
   0.099162
   0.322122
   0.017151
   0.486730
   0.353717
   0.606076
   0.438876
   0.548907
   0.688342
   0.433023
   0.301114
   0.262340
   0.274759
   0.214635
   0.388306
   0.572889
   0.119030
   0.147594
   0.628233

g =

   0.699932
   0.720131
   0.702817
   0.731320
   0.653106
   0.621031
   0.664695
   0.629108
   0.632869
   0.579906
   0.533525
   0.516549
   0.577521
   0.479202
   0.627735
   0.713452
   0.776119
   0.561396
   0.703095
   0.631025
   0.530254
   0.532939
   0.485134
   0.514610
   0.601710
   0.513609
   0.533822
   0.397592
   0.781317
   0.594484
   0.239435
   0.587712
   0.737369
   0.767244
   0.739365
   0.711371
   0.651330
   0.715949
   0.742378
   0.650490
   0.724011
   0.693163
   0.599402
   0.739617
   0.641074
   0.676064
   0.419091
   0.770519
   0.560124
   0.617585
   0.766489
   0.810960
   0.783282
   0.789398
   0.772706
   0.686895
   0.728380
   0.660525
   0.231316
   0.543390
   0.698275
   0.363653
   0.283357
   0.473050
   0.305893
   0.106366
   0.314448
   0.103892
   0.141158
   0.274294
   0.199278
   0.241543
   0.215851
   0.242198
   0.278975
   0.464469
   0.608620
   0.527306
   0.328656
   0.331313
   0.528895
   0.562294
   0.435629
   0.543816
   0.187133
   0.362188
   0.336372
   0.353580
   0.627374
   0.308627
   0.272213
   0.520866
   0.591042
   0.313911
   0.175664
   0.024419
   0.014630
   0.341269
   0.061430
   0.099407
   0.322752
   0.017164
   0.487502
   0.354356
   0.606986
   0.439792
   0.549827
   0.689164
   0.433847
   0.301851
   0.263012
   0.275376
   0.214646
   0.387953
   0.572870
   0.118634
   0.147610
   0.629243

g =

   0.699821
   0.720069
   0.702809
   0.731231
   0.653035
   0.620743
   0.664308
   0.628652
   0.632429
   0.579490
   0.533144
   0.516168
   0.577040
   0.478740
   0.627345
   0.713199
   0.775919
   0.561386
   0.703074
   0.631115
   0.530407
   0.532791
   0.484736
   0.514136
   0.601260
   0.513238
   0.533435
   0.397306
   0.781197
   0.594600
   0.239585
   0.587760
   0.737315
   0.767113
   0.739143
   0.710997
   0.650879
   0.715531
   0.741974
   0.650055
   0.723581
   0.692700
   0.598902
   0.739185
   0.640582
   0.675616
   0.418666
   0.770294
   0.559830
   0.617353
   0.766307
   0.810756
   0.783155
   0.789195
   0.772413
   0.686610
   0.727999
   0.660078
   0.231231
   0.543228
   0.698039
   0.363391
   0.283095
   0.472679
   0.305547
   0.106232
   0.314063
   0.103780
   0.141004
   0.273987
   0.199094
   0.241359
   0.215748
   0.242079
   0.278851
   0.464142
   0.608182
   0.526931
   0.328455
   0.331083
   0.528510
   0.561851
   0.435187
   0.543342
   0.186878
   0.361872
   0.336279
   0.353934
   0.627492
   0.308885
   0.272560
   0.521115
   0.590939
   0.313875
   0.175700
   0.024415
   0.014611
   0.341066
   0.061356
   0.099285
   0.322437
   0.017158
   0.487116
   0.354037
   0.606531
   0.439334
   0.549367
   0.688753
   0.433435
   0.301483
   0.262676
   0.275067
   0.214641
   0.388130
   0.572879
   0.118832
   0.147602
   0.628738

g =

   0.699752
   0.720030
   0.702804
   0.731175
   0.652991
   0.620563
   0.664065
   0.628366
   0.632154
   0.579231
   0.532907
   0.515930
   0.576740
   0.478452
   0.627101
   0.713040
   0.775793
   0.561380
   0.703062
   0.631171
   0.530503
   0.532698
   0.484488
   0.513840
   0.600979
   0.513006
   0.533194
   0.397128
   0.781122
   0.594672
   0.239679
   0.587790
   0.737282
   0.767032
   0.739004
   0.710763
   0.650598
   0.715269
   0.741721
   0.649783
   0.723312
   0.692411
   0.598589
   0.738915
   0.640275
   0.675336
   0.418400
   0.770154
   0.559646
   0.617208
   0.766193
   0.810628
   0.783076
   0.789068
   0.772230
   0.686432
   0.727761
   0.659799
   0.231178
   0.543127
   0.697891
   0.363227
   0.282932
   0.472448
   0.305331
   0.106149
   0.313822
   0.103710
   0.140907
   0.273794
   0.198979
   0.241244
   0.215684
   0.242004
   0.278773
   0.463937
   0.607908
   0.526697
   0.328329
   0.330939
   0.528269
   0.561574
   0.434911
   0.543045
   0.186719
   0.361675
   0.336220
   0.354155
   0.627565
   0.309047
   0.272777
   0.521270
   0.590874
   0.313852
   0.175723
   0.024412
   0.014600
   0.340938
   0.061309
   0.099208
   0.322240
   0.017154
   0.486875
   0.353837
   0.606247
   0.439048
   0.549080
   0.688496
   0.433177
   0.301253
   0.262466
   0.274875
   0.214637
   0.388240
   0.572885
   0.118955
   0.147597
   0.628422

g =

   0.699721
   0.720013
   0.702802
   0.731150
   0.652971
   0.620482
   0.663956
   0.628238
   0.632030
   0.579114
   0.532800
   0.515823
   0.576605
   0.478322
   0.626991
   0.712969
   0.775736
   0.561377
   0.703056
   0.631196
   0.530546
   0.532657
   0.484376
   0.513706
   0.600852
   0.512902
   0.533085
   0.397047
   0.781089
   0.594705
   0.239721
   0.587803
   0.737266
   0.766995
   0.738941
   0.710657
   0.650471
   0.715151
   0.741607
   0.649661
   0.723191
   0.692280
   0.598449
   0.738794
   0.640136
   0.675210
   0.418280
   0.770091
   0.559564
   0.617142
   0.766142
   0.810571
   0.783040
   0.789011
   0.772148
   0.686352
   0.727654
   0.659673
   0.231154
   0.543082
   0.697825
   0.363154
   0.282859
   0.472344
   0.305234
   0.106111
   0.313714
   0.103678
   0.140864
   0.273708
   0.198927
   0.241192
   0.215655
   0.241971
   0.278739
   0.463845
   0.607784
   0.526592
   0.328272
   0.330875
   0.528160
   0.561449
   0.434786
   0.542912
   0.186647
   0.361586
   0.336194
   0.354254
   0.627598
   0.309120
   0.272875
   0.521339
   0.590845
   0.313842
   0.175733
   0.024410
   0.014595
   0.340881
   0.061288
   0.099174
   0.322152
   0.017152
   0.486766
   0.353747
   0.606119
   0.438919
   0.548950
   0.688380
   0.433061
   0.301149
   0.262371
   0.274788
   0.214636
   0.388289
   0.572888
   0.119011
   0.147595
   0.628280

g =

   0.699712
   0.720008
   0.702801
   0.731143
   0.652965
   0.620459
   0.663925
   0.628201
   0.631994
   0.579080
   0.532769
   0.515793
   0.576566
   0.478284
   0.626960
   0.712949
   0.775720
   0.561376
   0.703054
   0.631203
   0.530558
   0.532645
   0.484344
   0.513668
   0.600816
   0.512872
   0.533054
   0.397024
   0.781079
   0.594714
   0.239733
   0.587807
   0.737262
   0.766984
   0.738923
   0.710627
   0.650435
   0.715117
   0.741574
   0.649626
   0.723156
   0.692243
   0.598408
   0.738759
   0.640097
   0.675173
   0.418246
   0.770073
   0.559540
   0.617124
   0.766128
   0.810554
   0.783030
   0.788995
   0.772124
   0.686329
   0.727623
   0.659637
   0.231147
   0.543069
   0.697806
   0.363132
   0.282838
   0.472314
   0.305206
   0.106101
   0.313683
   0.103669
   0.140852
   0.273683
   0.198912
   0.241177
   0.215647
   0.241961
   0.278729
   0.463819
   0.607749
   0.526561
   0.328256
   0.330856
   0.528129
   0.561414
   0.434751
   0.542873
   0.186626
   0.361561
   0.336187
   0.354283
   0.627608
   0.309141
   0.272903
   0.521359
   0.590836
   0.313839
   0.175736
   0.024410
   0.014593
   0.340865
   0.061282
   0.099164
   0.322126
   0.017152
   0.486735
   0.353721
   0.606082
   0.438882
   0.548913
   0.688347
   0.433028
   0.301119
   0.262344
   0.274763
   0.214635
   0.388303
   0.572889
   0.119027
   0.147594
   0.628239

g =

   0.699710
   0.720007
   0.702801
   0.731141
   0.652964
   0.620455
   0.663920
   0.628195
   0.631989
   0.579075
   0.532765
   0.515788
   0.576560
   0.478279
   0.626955
   0.712945
   0.775718
   0.561376
   0.703054
   0.631204
   0.530560
   0.532643
   0.484339
   0.513662
   0.600810
   0.512868
   0.533050
   0.397021
   0.781077
   0.594716
   0.239735
   0.587808
   0.737261
   0.766983
   0.738921
   0.710622
   0.650429
   0.715112
   0.741569
   0.649620
   0.723151
   0.692237
   0.598402
   0.738754
   0.640091
   0.675168
   0.418240
   0.770070
   0.559536
   0.617121
   0.766125
   0.810552
   0.783028
   0.788992
   0.772121
   0.686325
   0.727618
   0.659631
   0.231146
   0.543066
   0.697803
   0.363129
   0.282834
   0.472310
   0.305202
   0.106099
   0.313678
   0.103668
   0.140850
   0.273679
   0.198910
   0.241175
   0.215646
   0.241960
   0.278727
   0.463815
   0.607743
   0.526557
   0.328253
   0.330853
   0.528124
   0.561408
   0.434745
   0.542867
   0.186623
   0.361557
   0.336186
   0.354287
   0.627609
   0.309144
   0.272907
   0.521362
   0.590835
   0.313838
   0.175737
   0.024410
   0.014593
   0.340862
   0.061281
   0.099162
   0.322123
   0.017151
   0.486730
   0.353717
   0.606077
   0.438876
   0.548907
   0.688342
   0.433023
   0.301115
   0.262340
   0.274759
   0.214635
   0.388306
   0.572889
   0.119030
   0.147594
   0.628233

g =

   0.699710
   0.720007
   0.702801
   0.731141
   0.652964
   0.620455
   0.663920
   0.628195
   0.631989
   0.579075
   0.532764
   0.515788
   0.576560
   0.478278
   0.626955
   0.712945
   0.775718
   0.561376
   0.703054
   0.631204
   0.530560
   0.532643
   0.484338
   0.513662
   0.600810
   0.512867
   0.533049
   0.397021
   0.781077
   0.594716
   0.239735
   0.587808
   0.737261
   0.766983
   0.738920
   0.710622
   0.650429
   0.715112
   0.741569
   0.649620
   0.723150
   0.692237
   0.598402
   0.738753
   0.640090
   0.675168
   0.418240
   0.770070
   0.559536
   0.617121
   0.766125
   0.810552
   0.783028
   0.788992
   0.772120
   0.686325
   0.727618
   0.659631
   0.231146
   0.543066
   0.697803
   0.363129
   0.282834
   0.472309
   0.305201
   0.106099
   0.313678
   0.103668
   0.140850
   0.273679
   0.198910
   0.241175
   0.215645
   0.241960
   0.278727
   0.463815
   0.607743
   0.526557
   0.328253
   0.330853
   0.528124
   0.561408
   0.434745
   0.542867
   0.186623
   0.361557
   0.336186
   0.354287
   0.627610
   0.309144
   0.272908
   0.521363
   0.590835
   0.313838
   0.175737
   0.024410
   0.014593
   0.340862
   0.061281
   0.099162
   0.322122
   0.017151
   0.486730
   0.353717
   0.606076
   0.438876
   0.548907
   0.688342
   0.433023
   0.301114
   0.262340
   0.274759
   0.214635
   0.388306
   0.572889
   0.119030
   0.147594
   0.628233

g =

   0.699710
   0.720007
   0.702801
   0.731141
   0.652964
   0.620455
   0.663920
   0.628195
   0.631989
   0.579075
   0.532764
   0.515788
   0.576560
   0.478278
   0.626955
   0.712945
   0.775718
   0.561376
   0.703054
   0.631204
   0.530560
   0.532643
   0.484338
   0.513662
   0.600810
   0.512867
   0.533049
   0.397021
   0.781077
   0.594716
   0.239735
   0.587808
   0.737261
   0.766983
   0.738920
   0.710622
   0.650429
   0.715112
   0.741569
   0.649620
   0.723150
   0.692237
   0.598402
   0.738753
   0.640090
   0.675168
   0.418240
   0.770070
   0.559536
   0.617121
   0.766125
   0.810552
   0.783028
   0.788992
   0.772120
   0.686325
   0.727618
   0.659631
   0.231146
   0.543066
   0.697803
   0.363129
   0.282834
   0.472309
   0.305201
   0.106099
   0.313678
   0.103668
   0.140850
   0.273679
   0.198910
   0.241175
   0.215645
   0.241960
   0.278727
   0.463815
   0.607743
   0.526557
   0.328253
   0.330853
   0.528124
   0.561408
   0.434745
   0.542867
   0.186623
   0.361557
   0.336186
   0.354287
   0.627610
   0.309144
   0.272908
   0.521363
   0.590835
   0.313838
   0.175737
   0.024410
   0.014593
   0.340862
   0.061281
   0.099162
   0.322122
   0.017151
   0.486730
   0.353717
   0.606076
   0.438876
   0.548907
   0.688342
   0.433023
   0.301114
   0.262340
   0.274759
   0.214635
   0.388306
   0.572889
   0.119030
   0.147594
   0.628233

g =

   0.699710
   0.720007
   0.702801
   0.731141
   0.652964
   0.620455
   0.663920
   0.628195
   0.631989
   0.579075
   0.532764
   0.515788
   0.576560
   0.478278
   0.626955
   0.712945
   0.775718
   0.561376
   0.703054
   0.631204
   0.530560
   0.532643
   0.484338
   0.513662
   0.600810
   0.512867
   0.533049
   0.397021
   0.781077
   0.594716
   0.239735
   0.587808
   0.737261
   0.766983
   0.738920
   0.710622
   0.650429
   0.715112
   0.741569
   0.649620
   0.723150
   0.692237
   0.598402
   0.738753
   0.640090
   0.675168
   0.418240
   0.770070
   0.559536
   0.617121
   0.766125
   0.810552
   0.783028
   0.788992
   0.772120
   0.686325
   0.727618
   0.659631
   0.231146
   0.543066
   0.697803
   0.363129
   0.282834
   0.472309
   0.305201
   0.106099
   0.313678
   0.103668
   0.140850
   0.273679
   0.198910
   0.241175
   0.215645
   0.241960
   0.278727
   0.463815
   0.607743
   0.526557
   0.328253
   0.330853
   0.528124
   0.561408
   0.434745
   0.542867
   0.186623
   0.361557
   0.336186
   0.354287
   0.627610
   0.309144
   0.272908
   0.521363
   0.590835
   0.313838
   0.175737
   0.024410
   0.014593
   0.340862
   0.061281
   0.099162
   0.322122
   0.017151
   0.486730
   0.353717
   0.606076
   0.438876
   0.548907
   0.688342
   0.433023
   0.301114
   0.262340
   0.274759
   0.214635
   0.388306
   0.572889
   0.119030
   0.147594
   0.628233

